-4.534279555082321167e-02
5.208230018615722656e-02
1.182529143989086151e-02
-5.534842237830162048e-02
-4.317222535610198975e-02
-9.923816472291946411e-02
-5.755972489714622498e-02
-2.272935584187507629e-02
9.265443682670593262e-02
-5.583648011088371277e-02
2.588636875152587891e-01
2.539643645286560059e-02
-1.733110249042510986e-01
-3.340480476617813110e-02
4.120690375566482544e-02
7.399863749742507935e-02
-1.547309309244155884e-01
-5.857921391725540161e-02
-5.454357340931892395e-02
-9.520778059959411621e-02
2.186901867389678955e-02
2.529006265103816986e-02
6.291735917329788208e-02
9.463170170783996582e-02
-9.818708896636962891e-02
-3.004761934280395508e-01
-1.170930936932563782e-01
-1.827743947505950928e-01
1.070862337946891785e-01
-9.964536130428314209e-02
-1.080620102584362030e-02
-1.327089220285415649e-02
-1.254487782716751099e-01
-2.870788611471652985e-02
1.318825595080852509e-02
1.969970390200614929e-02
-1.524792462587356567e-01
-1.534793525934219360e-01
2.576982975006103516e-01
5.085678771138191223e-02
-7.992780208587646484e-02
1.287239231169223785e-02
1.131755486130714417e-02
3.047075569629669189e-01
1.827165484428405762e-01
2.681040950119495392e-02
6.321759521961212158e-02
-5.531391873955726624e-02
9.773454815149307251e-02
-2.299561202526092529e-01
1.004495844244956970e-01
1.668049991130828857e-01
1.329721808433532715e-01
7.532496005296707153e-02
1.368745565414428711e-01
-1.102581545710563660e-01
1.276462972164154053e-01
5.497578531503677368e-02
-2.168346345424652100e-01
1.017726510763168335e-01
4.985684156417846680e-02
-4.249966517090797424e-02
-4.018266685307025909e-03
-7.261196523904800415e-02
2.045164257287979126e-01
8.035957068204879761e-02
-8.556798845529556274e-02
-5.972371995449066162e-02
7.851132005453109741e-02
-1.547881662845611572e-01
-9.465891122817993164e-02
6.870739907026290894e-02
-1.325311958789825439e-01
-2.354782670736312866e-01
-2.091066837310791016e-01
3.766101598739624023e-02
3.152126073837280273e-01
2.721364200115203857e-01
-1.482334434986114502e-01
9.831929951906204224e-02
-6.447992473840713501e-02
-8.551613241434097290e-02
1.220561191439628601e-01
5.002133175730705261e-02
-7.304483652114868164e-02
-8.348239213228225708e-02
-1.341733485460281372e-01
5.693949013948440552e-02
1.516178846359252930e-01
-6.675364822149276733e-02
-4.283592477440834045e-02
1.619710177183151245e-01
-2.845402620732784271e-02
3.160603716969490051e-02
2.090904489159584045e-02
-1.678074337542057037e-02
-1.537279188632965088e-01
2.016307413578033447e-02
-6.302469968795776367e-02
-2.588809654116630554e-02
7.663747668266296387e-02
-9.308376908302307129e-02
-1.820288971066474915e-02
3.128575533628463745e-02
-1.825358420610427856e-01
1.323527693748474121e-01
1.815631240606307983e-02
-6.747538596391677856e-02
4.356674849987030029e-03
-7.551764138042926788e-04
-1.719157397747039795e-01
2.123865997418761253e-04
1.305827349424362183e-01
-2.327535748481750488e-01
2.545401155948638916e-01
1.724269688129425049e-01
5.115038156509399414e-02
1.498341709375381470e-01
9.865707159042358398e-02
3.788174688816070557e-02
-5.726221576333045959e-02
-7.255192846059799194e-02
-1.782103329896926880e-01
-6.790798902511596680e-02
1.826593652367591858e-02
6.347688287496566772e-02
8.736210316419601440e-02
9.985840879380702972e-03
