-4.879740998148918152e-02
4.345776140689849854e-02
3.713435679674148560e-02
-4.882411658763885498e-02
6.547998636960983276e-02
-3.442424535751342773e-02
-8.329573273658752441e-02
-8.236844092607498169e-02
1.950979679822921753e-01
-1.428450047969818115e-01
2.195965498685836792e-01
1.979663968086242676e-02
-1.914991885423660278e-01
-1.853315383195877075e-01
1.189876440912485123e-02
7.046758383512496948e-02
-3.689207881689071655e-02
-1.095555201172828674e-01
-6.322113424539566040e-02
-1.134992837905883789e-01
6.169990450143814087e-02
5.122578144073486328e-02
6.912761181592941284e-02
5.908043310046195984e-02
-2.001778930425643921e-01
-3.344446420669555664e-01
-9.802953898906707764e-02
-6.623687595129013062e-02
-1.872037351131439209e-02
-9.574162960052490234e-02
-6.195750087499618530e-02
1.268756985664367676e-01
-1.462205648422241211e-01
-7.637219503521919250e-03
7.967657409608364105e-03
1.215720549225807190e-01
-1.008929871022701263e-02
3.193572163581848145e-02
1.780052036046981812e-01
7.801026850938796997e-02
-1.574933379888534546e-01
2.705390937626361847e-02
-3.089572116732597351e-02
2.870227396488189697e-01
1.709001958370208740e-01
8.143754675984382629e-04
3.458565473556518555e-02
-2.520407736301422119e-02
1.728251129388809204e-01
-2.441079616546630859e-01
4.226572811603546143e-02
1.639284491539001465e-01
5.853012949228286743e-02
4.036061465740203857e-02
1.719507426023483276e-01
-8.606728911399841309e-02
-4.094375669956207275e-02
1.029336899518966675e-01
-1.191109269857406616e-01
8.749151229858398438e-02
-6.262320280075073242e-02
-1.265398412942886353e-01
-4.087978228926658630e-02
-7.827437669038772583e-02
1.462065279483795166e-01
9.296308457851409912e-02
-1.447142511606216431e-01
-1.131257489323616028e-01
1.134314388036727905e-01
-1.310735344886779785e-01
-2.092191949486732483e-02
1.747256070375442505e-01
-1.008272841572761536e-01
-1.756873130798339844e-01
-2.785955667495727539e-01
9.816581755876541138e-02
4.066083133220672607e-01
1.460573524236679077e-01
-1.658786386251449585e-01
7.560385763645172119e-02
-6.132328882813453674e-02
-5.986822396516799927e-02
5.205889791250228882e-02
6.030756235122680664e-02
-7.550781965255737305e-02
8.171392977237701416e-02
-7.995381206274032593e-02
4.040123522281646729e-02
2.055101990699768066e-01
3.498803824186325073e-02
-7.684283703565597534e-02
2.183491587638854980e-01
-4.913916811347007751e-02
1.655855476856231689e-01
3.244819864630699158e-02
4.394972324371337891e-02
-1.224264055490493774e-01
-4.600493609905242920e-02
-1.199024692177772522e-01
-1.024898607283830643e-02
4.743561148643493652e-02
-1.171039938926696777e-01
-1.075731310993432999e-02
4.074220359325408936e-02
-1.310280263423919678e-01
1.828517317771911621e-01
2.587968483567237854e-04
-9.252589195966720581e-03
-1.180299278348684311e-02
1.116943508386611938e-01
-1.234382987022399902e-01
-1.910793711431324482e-03
8.029221743345260620e-02
-3.122739493846893311e-01
1.685749441385269165e-01
1.344349980354309082e-01
8.707856386899948120e-02
1.487346291542053223e-01
7.861311733722686768e-02
3.631756827235221863e-02
-2.977896481752395630e-02
-3.177385032176971436e-02
-5.390192195773124695e-02
-1.204174086451530457e-01
4.091786593198776245e-02
1.795227453112602234e-02
6.327251344919204712e-02
-2.247780747711658478e-02
