-4.938095435500144958e-02
9.130648523569107056e-02
6.773693859577178955e-02
-3.821965306997299194e-02
4.201695695519447327e-02
-2.514393068850040436e-02
-4.740821197628974915e-02
-5.570366978645324707e-02
1.840838044881820679e-01
-1.342964619398117065e-01
2.601968348026275635e-01
-5.570319946855306625e-03
-2.126694917678833008e-01
-1.403063535690307617e-01
1.500618457794189453e-02
5.794026702642440796e-02
-7.719020545482635498e-02
-1.217096596956253052e-01
-3.585467860102653503e-02
-1.228394284844398499e-01
4.739299416542053223e-02
6.840798258781433105e-02
1.131774485111236572e-02
2.473724074661731720e-02
-1.554274857044219971e-01
-3.368876576423645020e-01
-7.653400301933288574e-02
-7.527823746204376221e-02
9.647835046052932739e-03
-9.550337493419647217e-02
-7.652119547128677368e-02
1.756332963705062866e-01
-1.386577785015106201e-01
-4.390250146389007568e-02
3.438726067543029785e-02
1.263317316770553589e-01
-9.640784002840518951e-03
3.070533648133277893e-02
1.519273966550827026e-01
8.770838379859924316e-02
-1.072703972458839417e-01
2.599846385419368744e-02
-7.167455554008483887e-02
3.306499719619750977e-01
1.746881604194641113e-01
-4.376857541501522064e-03
-1.131436042487621307e-02
-2.586456015706062317e-02
1.226343289017677307e-01
-2.355245649814605713e-01
1.927391253411769867e-02
2.065023034811019897e-01
4.571938514709472656e-02
8.876749128103256226e-02
9.380336105823516846e-02
-1.143382936716079712e-01
-3.025794774293899536e-02
6.773355603218078613e-02
-1.563729494810104370e-01
8.389405906200408936e-02
-3.134713321924209595e-02
-1.881468296051025391e-01
-2.052721008658409119e-02
-7.940798252820968628e-02
1.546872556209564209e-01
8.333960175514221191e-02
-1.379644274711608887e-01
-1.202062368392944336e-01
1.081428974866867065e-01
-1.192420125007629395e-01
-3.544137999415397644e-02
1.402625739574432373e-01
-1.306625604629516602e-01
-1.603639721870422363e-01
-2.270418405532836914e-01
1.161928325891494751e-01
3.694447278976440430e-01
1.560820043087005615e-01
-1.786474734544754028e-01
4.664500430226325989e-02
-7.712202519178390503e-02
-6.283114105463027954e-02
6.778798997402191162e-02
8.742494881153106689e-02
-4.372220486402511597e-02
4.660727083683013916e-02
-8.109163492918014526e-02
3.586836159229278564e-02
1.746953874826431274e-01
3.512191772460937500e-02
-1.156503930687904358e-01
2.289975583553314209e-01
-8.884324133396148682e-02
1.570009887218475342e-01
6.375860422849655151e-02
4.037280753254890442e-02
-1.027304381132125854e-01
-5.539710447192192078e-02
-1.392015516757965088e-01
-4.805601760745048523e-02
1.374156493693590164e-02
-1.535946428775787354e-01
-5.434196814894676208e-02
8.366011828184127808e-02
-1.116495877504348755e-01
1.720262318849563599e-01
-1.405623927712440491e-02
2.915770187973976135e-02
-2.658022940158843994e-02
3.763393685221672058e-02
-7.178179174661636353e-02
8.312600664794445038e-03
1.166595071554183960e-01
-2.902788221836090088e-01
1.992127746343612671e-01
1.601212024688720703e-01
9.338302165269851685e-02
1.671624928712844849e-01
7.097599655389785767e-02
8.243888616561889648e-03
-2.817218005657196045e-02
-7.808222621679306030e-02
-8.794262260198593140e-02
-1.116883456707000732e-01
2.369173802435398102e-02
4.871142283082008362e-02
4.520505666732788086e-02
-3.582412004470825195e-02
