-5.433135852217674255e-02
5.266988277435302734e-02
3.983201831579208374e-02
-6.559298373758792877e-03
-2.725397795438766479e-02
-3.232115134596824646e-02
-5.161308497190475464e-02
-9.893583506345748901e-02
1.085256710648536682e-01
-4.786093160510063171e-02
3.001234829425811768e-01
-8.681716397404670715e-03
-2.186782360076904297e-01
-8.359330892562866211e-02
-3.342850506305694580e-02
9.701804071664810181e-02
-1.938065439462661743e-01
-9.334468841552734375e-02
-2.567078918218612671e-02
-1.238827630877494812e-01
7.495506852865219116e-02
1.452434156090021133e-02
3.379608318209648132e-02
6.264757364988327026e-02
-1.141856685280799866e-01
-3.425194025039672852e-01
-9.146100282669067383e-02
-1.860668510198593140e-01
1.120795160531997681e-01
-7.973163574934005737e-02
-7.780844345688819885e-03
1.110625267028808594e-02
-1.566783636808395386e-01
-6.194699555635452271e-03
-8.933601900935173035e-03
1.181121915578842163e-02
-9.250122308731079102e-02
-1.505204141139984131e-01
1.756999492645263672e-01
1.095989346504211426e-02
-7.166968286037445068e-02
-1.301867421716451645e-02
9.605119936168193817e-03
2.302730530500411987e-01
1.702993810176849365e-01
4.493413865566253662e-02
6.199270114302635193e-02
-9.385518729686737061e-02
7.074369490146636963e-02
-2.256164103746414185e-01
5.786456167697906494e-02
1.918631494045257568e-01
1.177857443690299988e-01
1.047328040003776550e-01
9.732814133167266846e-02
-1.360098272562026978e-01
7.585111260414123535e-02
6.020177900791168213e-02
-1.724358797073364258e-01
1.062356606125831604e-01
1.703220792114734650e-02
-5.587846785783767700e-02
3.826856613159179688e-03
-4.660812765359878540e-02
1.862832158803939819e-01
8.002389967441558838e-02
-7.547258585691452026e-02
-6.389743089675903320e-02
1.577807664871215820e-01
-1.264833658933639526e-01
-1.254967451095581055e-01
4.103419929742813110e-02
-1.237984746694564819e-01
-2.362256944179534912e-01
-2.216624617576599121e-01
5.668945610523223877e-02
3.893986940383911133e-01
2.253195047378540039e-01
-1.736599802970886230e-01
7.593445479869842529e-02
-8.159965276718139648e-02
-3.814700990915298462e-02
1.041464358568191528e-01
4.861412569880485535e-02
-7.768220454454421997e-02
-9.397878497838973999e-02
-1.544021368026733398e-01
3.684445470571517944e-02
1.606081575155258179e-01
-4.243592172861099243e-02
-4.181133955717086792e-02
2.017530351877212524e-01
-6.274889409542083740e-02
3.847662359476089478e-02
4.419498145580291748e-02
5.141957476735115051e-02
-1.302199214696884155e-01
6.496152281761169434e-02
-4.798746854066848755e-02
-6.576690077781677246e-02
1.209738031029701233e-01
-7.337817549705505371e-02
-1.963360235095024109e-03
5.630722641944885254e-02
-1.586647778749465942e-01
1.295463442802429199e-01
-2.765310695394873619e-03
-3.385202959179878235e-02
4.945203661918640137e-02
-1.972568966448307037e-02
-1.054847240447998047e-01
3.213233873248100281e-02
1.434162557125091553e-01
-2.396524846553802490e-01
2.787114083766937256e-01
1.795141845941543579e-01
7.925039529800415039e-02
1.869386732578277588e-01
7.511355727910995483e-02
6.821350008249282837e-02
-4.523558542132377625e-02
-1.296837776899337769e-01
-1.953412443399429321e-01
-9.730166941881179810e-02
7.961859926581382751e-03
3.097102046012878418e-02
1.124310865998268127e-02
1.702322810888290405e-02
