-4.662381112575531006e-02
4.269282519817352295e-02
-1.555262133479118347e-05
-2.429302595555782318e-02
-3.524228557944297791e-02
-5.111075937747955322e-02
-5.978818982839584351e-03
-8.694195002317428589e-02
9.316539764404296875e-02
-2.928035147488117218e-02
2.539179921150207520e-01
-4.557837732136249542e-03
-2.333491444587707520e-01
-5.605786293745040894e-02
1.312538981437683105e-03
4.910527169704437256e-02
-1.534084528684616089e-01
-8.199737966060638428e-02
-7.464399933815002441e-02
-8.082368969917297363e-02
6.385246664285659790e-02
8.420414291322231293e-03
2.334960550069808960e-02
6.255640834569931030e-02
-1.292542219161987305e-01
-3.327208161354064941e-01
-8.093266189098358154e-02
-1.581182628870010376e-01
7.927070558071136475e-02
-7.352712005376815796e-02
2.189825661480426788e-02
1.262059528380632401e-02
-1.670078784227371216e-01
-2.724861539900302887e-02
-2.378925867378711700e-02
2.283541858196258545e-02
-1.246539503335952759e-01
-1.608394533395767212e-01
2.025717049837112427e-01
1.733173429965972900e-02
-8.310404419898986816e-02
3.167152404785156250e-02
2.063950523734092712e-02
2.519872188568115234e-01
1.978316009044647217e-01
1.584531739354133606e-02
6.393235176801681519e-02
-7.543210685253143311e-02
5.560989305377006531e-02
-2.541090846061706543e-01
6.687057018280029297e-02
1.960070729255676270e-01
9.839203953742980957e-02
9.836199134588241577e-02
1.348972320556640625e-01
-1.263219714164733887e-01
6.939955055713653564e-02
6.318914890289306641e-02
-1.673964411020278931e-01
1.024856939911842346e-01
9.151860140264034271e-03
-2.109101042151451111e-02
-2.479761838912963867e-03
-9.969130158424377441e-02
1.686541736125946045e-01
4.932439327239990234e-02
-6.686075031757354736e-02
-3.056925348937511444e-02
1.347006857395172119e-01
-1.402006298303604126e-01
-1.203065514564514160e-01
2.151143923401832581e-02
-1.342145502567291260e-01
-2.564432919025421143e-01
-1.992171108722686768e-01
8.406737446784973145e-02
3.378377854824066162e-01
2.707794606685638428e-01
-1.852878928184509277e-01
1.132748499512672424e-01
-9.310165047645568848e-02
-4.324708133935928345e-02
1.108249947428703308e-01
1.648033596575260162e-02
-1.354533806443214417e-02
-1.104540079832077026e-01
-1.325639337301254272e-01
5.058247223496437073e-02
1.615881919860839844e-01
-4.895931482315063477e-02
-3.530126810073852539e-02
2.047229409217834473e-01
-4.475155100226402283e-02
-2.579095587134361267e-02
4.492600262165069580e-02
1.026143319904804230e-03
-1.447157412767410278e-01
5.619133636355400085e-02
-6.991269439458847046e-02
-6.064303964376449585e-02
1.489141285419464111e-01
-1.011299267411231995e-01
9.429600089788436890e-03
5.870749056339263916e-02
-1.778000891208648682e-01
1.401283442974090576e-01
1.167714037001132965e-02
-3.724925965070724487e-02
8.988402783870697021e-02
-2.319493331015110016e-02
-1.219993010163307190e-01
2.600528672337532043e-02
1.503409743309020996e-01
-2.427548319101333618e-01
3.015604615211486816e-01
1.619354933500289917e-01
2.658368833363056183e-02
1.699728816747665405e-01
7.133860886096954346e-02
7.577951252460479736e-02
-3.873304277658462524e-02
-5.208654701709747314e-02
-1.901138275861740112e-01
-1.020447015762329102e-01
1.049677282571792603e-02
7.084482908248901367e-02
2.797196432948112488e-02
2.464737743139266968e-02
