-2.409768104553222656e-02
-1.307722087949514389e-02
4.587634652853012085e-02
-8.535138331353664398e-03
-9.416997432708740234e-02
1.560169737786054611e-03
-1.330167241394519806e-02
-8.270679414272308350e-02
1.231741607189178467e-01
-1.292225271463394165e-01
2.722947299480438232e-01
-3.813713043928146362e-02
-2.095501124858856201e-01
-7.427713274955749512e-02
1.960940659046173096e-02
7.306053489446640015e-02
-6.284318119287490845e-02
-1.432450860738754272e-01
-8.419034630060195923e-02
-9.564895927906036377e-02
-2.817703038454055786e-02
2.388676255941390991e-02
2.562572807073593140e-02
4.738066717982292175e-02
-1.470483243465423584e-01
-3.464691638946533203e-01
-9.185555577278137207e-02
-1.685619503259658813e-01
1.242831721901893616e-02
-7.212086021900177002e-02
-1.896615326404571533e-02
5.556203797459602356e-02
-1.430699825286865234e-01
-4.131811857223510742e-02
3.670096397399902344e-02
8.687188476324081421e-02
-1.255596280097961426e-01
-7.263113558292388916e-02
1.755727380514144897e-01
3.287118859589099884e-03
-1.231981515884399414e-01
5.093346536159515381e-02
1.850566454231739044e-02
2.992415130138397217e-01
1.414457261562347412e-01
7.013083249330520630e-02
4.595221579074859619e-02
-6.991156190633773804e-02
1.388551741838455200e-01
-2.247474342584609985e-01
1.639549285173416138e-01
1.486552059650421143e-01
1.604807823896408081e-01
4.007954522967338562e-02
1.724085509777069092e-01
-7.761434465646743774e-02
4.639148712158203125e-02
9.220590442419052124e-02
-1.798720806837081909e-01
1.037093997001647949e-01
7.936471700668334961e-02
-2.239033952355384827e-02
2.095565199851989746e-03
-1.162846311926841736e-01
2.026347965002059937e-01
8.792725205421447754e-02
-6.278869509696960449e-02
-5.632650479674339294e-02
1.841687113046646118e-01
-1.166628003120422363e-01
-8.265833556652069092e-02
7.467486709356307983e-02
-1.582522392272949219e-01
-2.004610300064086914e-01
-1.900848299264907837e-01
7.015962898731231689e-02
4.487011134624481201e-01
1.986174285411834717e-01
-1.294220536947250366e-01
4.241750761866569519e-02
-6.796617060899734497e-02
-2.547154575586318970e-02
6.113450229167938232e-02
4.234610591083765030e-03
-1.158523745834827423e-02
-1.160818561911582947e-01
-1.132957860827445984e-01
6.241089105606079102e-02
1.929483711719512939e-01
-6.060145050287246704e-02
-4.452735185623168945e-02
1.318335086107254028e-01
-3.948009386658668518e-02
-4.391677677631378174e-02
3.657718002796173096e-02
-2.551864087581634521e-02
-1.398993134498596191e-01
4.506571218371391296e-02
-9.457441419363021851e-02
-4.110966622829437256e-02
2.992605976760387421e-02
-7.674608379602432251e-02
4.173423629254102707e-03
1.916358247399330139e-02
-1.754449158906936646e-01
1.740940213203430176e-01
-1.147704944014549255e-02
-3.724731504917144775e-02
4.974279925227165222e-02
2.656952477991580963e-02
-1.224770918488502502e-01
1.651899516582489014e-02
1.335026770830154419e-01
-2.915714085102081299e-01
2.308617830276489258e-01
7.381902635097503662e-02
7.492745667695999146e-02
1.630468666553497314e-01
1.110414601862430573e-02
6.826470792293548584e-02
-3.246987238526344299e-02
-7.317572832107543945e-02
-2.107347249984741211e-01
-1.451668292284011841e-01
1.923269778490066528e-02
4.963815957307815552e-02
6.602048128843307495e-02
5.952148139476776123e-02
