-4.770996421575546265e-02
9.094864875078201294e-02
1.906884089112281799e-02
-4.163705185055732727e-02
-1.933032646775245667e-02
-7.406823337078094482e-02
-5.175468698143959045e-02
-9.116106480360031128e-02
1.110481545329093933e-01
-5.872684717178344727e-02
2.714909911155700684e-01
3.962458577007055283e-03
-2.560560703277587891e-01
-8.935935050249099731e-02
2.079810947179794312e-02
8.022598177194595337e-02
-1.272695660591125488e-01
-1.206476688385009766e-01
-4.774173349142074585e-02
-9.340627491474151611e-02
1.904115267097949982e-02
2.648759633302688599e-03
5.484355613589286804e-02
9.307702630758285522e-02
-8.757340162992477417e-02
-3.257011473178863525e-01
-9.079729765653610229e-02
-1.624349653720855713e-01
5.135213583707809448e-02
-7.645466923713684082e-02
-1.148206647485494614e-02
1.878620870411396027e-02
-1.386921554803848267e-01
-2.762033976614475250e-02
-1.643167808651924133e-03
5.166343599557876587e-02
-1.344119310379028320e-01
-1.512626707553863525e-01
2.584929466247558594e-01
2.355333603918552399e-02
-6.951534003019332886e-02
1.142807770520448685e-02
-1.238712295889854431e-02
2.768913507461547852e-01
1.845168471336364746e-01
4.796518012881278992e-03
9.038508683443069458e-02
-9.555126726627349854e-02
1.161325275897979736e-01
-2.204152643680572510e-01
9.307776391506195068e-02
2.217569202184677124e-01
1.260544955730438232e-01
8.129363507032394409e-02
1.334673762321472168e-01
-1.279589086771011353e-01
7.163573801517486572e-02
9.163473546504974365e-02
-1.869077533483505249e-01
1.080025881528854370e-01
1.428561285138130188e-02
-6.804673373699188232e-02
-2.812376618385314941e-02
-1.154845282435417175e-01
2.098634392023086548e-01
6.881254166364669800e-02
-9.439695626497268677e-02
-6.345269829034805298e-02
1.524281501770019531e-01
-1.119582206010818481e-01
-1.165245696902275085e-01
8.167845010757446289e-02
-1.582427620887756348e-01
-2.422901242971420288e-01
-1.929206699132919312e-01
8.898556232452392578e-02
3.236216902732849121e-01
2.481611371040344238e-01
-1.676691472530364990e-01
1.116979122161865234e-01
-8.421092480421066284e-02
-7.683968544006347656e-02
5.704672262072563171e-02
6.650329381227493286e-02
-3.677010536193847656e-02
-9.548733383417129517e-02
-1.440970450639724731e-01
4.100294411182403564e-02
1.581045091152191162e-01
-4.752875119447708130e-02
-5.475814640522003174e-02
1.942880004644393921e-01
-5.201097950339317322e-02
3.911935538053512573e-02
2.961893007159233093e-02
7.302735932171344757e-03
-1.468670815229415894e-01
3.534125909209251404e-02
-7.066910713911056519e-02
-6.687609106302261353e-02
1.200824528932571411e-01
-1.054100692272186279e-01
-1.605888083577156067e-02
2.671574801206588745e-02
-1.575169265270233154e-01
1.215095445513725281e-01
-5.760502535849809647e-03
-1.323800534009933472e-02
3.690207377076148987e-02
-2.649315632879734039e-02
-1.138721555471420288e-01
1.279037725180387497e-02
1.475251615047454834e-01
-2.582354545593261719e-01
2.882462441921234131e-01
1.320798844099044800e-01
5.377039685845375061e-02
1.624321639537811279e-01
7.689322531223297119e-02
7.809939235448837280e-02
-3.364636003971099854e-02
-1.062729507684707642e-01
-1.849463582038879395e-01
-1.026463732123374939e-01
3.139835596084594727e-02
9.673485904932022095e-02
6.924446672201156616e-02
3.379458189010620117e-02
