-4.721885174512863159e-02
1.581361889839172363e-02
-3.115270659327507019e-02
-2.499368600547313690e-02
-5.892354622483253479e-02
2.650842443108558655e-02
-3.671699017286300659e-02
-1.549939364194869995e-01
1.117818206548690796e-01
-8.270397037267684937e-02
1.770586818456649780e-01
-3.315633162856101990e-02
-2.343377023935317993e-01
-1.231732442975044250e-01
-2.088904380798339844e-02
5.845234543085098267e-02
-1.187696754932403564e-01
-1.716100573539733887e-01
-7.478052377700805664e-02
-1.047765612602233887e-01
-4.251652583479881287e-02
-4.742371290922164917e-02
1.722232624888420105e-02
4.217999428510665894e-02
-1.623147428035736084e-01
-2.729689180850982666e-01
-1.086940914392471313e-01
-1.403009295463562012e-01
1.107524335384368896e-02
-1.716862432658672333e-02
-4.189223051071166992e-02
3.790441527962684631e-02
-1.645558178424835205e-01
-3.899533301591873169e-02
1.325494050979614258e-02
8.695463836193084717e-02
-7.092729955911636353e-02
-2.074660360813140869e-02
1.483303159475326538e-01
6.391815841197967529e-04
-6.822504848241806030e-02
5.395342782139778137e-02
1.914456859230995178e-02
2.707961499691009521e-01
2.075018435716629028e-01
4.368784278631210327e-02
1.139982044696807861e-02
-7.949429005384445190e-02
1.354698687791824341e-01
-2.563963532447814941e-01
1.221036761999130249e-01
1.780413389205932617e-01
1.807393580675125122e-01
3.088780492544174194e-02
1.596851944923400879e-01
-1.201351359486579895e-01
3.155808150768280029e-02
1.337676793336868286e-01
-1.842621415853500366e-01
8.546189218759536743e-02
5.179336294531822205e-03
-9.337883442640304565e-03
-4.474920034408569336e-02
-1.060809865593910217e-01
2.043249160051345825e-01
1.262591779232025146e-01
-8.651551604270935059e-02
-5.763673037290573120e-02
2.490983009338378906e-01
-8.069396018981933594e-02
-1.985606737434864044e-02
5.647983402013778687e-02
-1.227161958813667297e-01
-2.138040512800216675e-01
-2.193151414394378662e-01
8.612968772649765015e-02
3.956251740455627441e-01
2.180763483047485352e-01
-1.600339114665985107e-01
5.603943020105361938e-02
-9.204556792974472046e-02
-5.759365856647491455e-03
1.754729822278022766e-02
-4.835312813520431519e-02
-1.007824391126632690e-01
-7.975471019744873047e-02
-1.231660470366477966e-01
6.004276126623153687e-02
1.141982302069664001e-01
-2.918823063373565674e-02
-1.335294544696807861e-02
1.543761193752288818e-01
-2.126812562346458435e-02
-2.368838340044021606e-02
6.542781740427017212e-02
2.880288287997245789e-02
-1.379191130399703979e-01
1.588780432939529419e-02
-1.465181410312652588e-01
-5.812399089336395264e-02
8.899168670177459717e-02
-1.032367497682571411e-01
5.175787955522537231e-02
5.681368336081504822e-02
-1.393985003232955933e-01
1.486199349164962769e-01
-8.223993703722953796e-03
-4.755645990371704102e-02
-5.497423931956291199e-03
-4.623622819781303406e-02
-5.929443985223770142e-02
6.047042086720466614e-02
1.614378392696380615e-01
-3.163089156150817871e-01
1.972375065088272095e-01
7.403131574392318726e-02
2.255560271441936493e-02
1.576965451240539551e-01
4.583475179970264435e-03
4.957279562950134277e-02
-6.295548379421234131e-02
-8.345875889062881470e-02
-1.765931546688079834e-01
-1.138997226953506470e-01
1.062423922121524811e-02
-9.359305724501609802e-03
3.660761937499046326e-02
8.435337990522384644e-02
