-4.326223209500312805e-02
5.499064177274703979e-02
8.711025118827819824e-02
2.897861646488308907e-03
-3.807326778769493103e-02
-2.279979363083839417e-02
-4.575340077280998230e-03
-6.182164698839187622e-02
1.077069044113159180e-01
-1.357122957706451416e-01
2.023898214101791382e-01
-3.415507078170776367e-02
-2.509500384330749512e-01
-1.106567755341529846e-01
5.692615732550621033e-02
6.537616997957229614e-02
-2.857728302478790283e-02
-1.695847213268280029e-01
-6.903348863124847412e-02
-6.154510378837585449e-02
3.345894441008567810e-02
-3.691518679261207581e-02
1.706091919913887978e-03
3.799187764525413513e-02
-1.174857467412948608e-01
-3.648938536643981934e-01
-7.266776263713836670e-02
-8.669617027044296265e-02
3.465958312153816223e-02
-4.612490162253379822e-02
-2.615868486464023590e-02
6.609755754470825195e-02
-1.696933507919311523e-01
-4.638555273413658142e-02
1.481045130640268326e-02
9.490432590246200562e-02
-9.098674356937408447e-02
-8.233533054590225220e-02
1.834315061569213867e-01
-7.267667353153228760e-02
-1.513458341360092163e-01
-1.776490360498428345e-02
4.619609564542770386e-02
2.420370727777481079e-01
1.381390392780303955e-01
5.288309976458549500e-02
3.641641139984130859e-02
-3.170879557728767395e-02
1.464845538139343262e-01
-2.653638422489166260e-01
1.491349786520004272e-01
1.561439782381057739e-01
1.537571996450424194e-01
8.757280558347702026e-02
1.834563761949539185e-01
-1.282648146152496338e-01
8.428046852350234985e-02
1.108255088329315186e-01
-2.130258828401565552e-01
1.107358261942863464e-01
5.246779881417751312e-03
-9.888675808906555176e-02
-5.113984644412994385e-02
-8.780717849731445312e-02
1.930183172225952148e-01
1.066616922616958618e-01
-5.122362822294235229e-02
-1.065737605094909668e-01
2.020278126001358032e-01
-1.320468336343765259e-01
-1.243537664413452148e-02
1.307137012481689453e-01
-1.157112643122673035e-01
-1.851179152727127075e-01
-1.767909377813339233e-01
8.128279447555541992e-02
3.552958071231842041e-01
2.319605052471160889e-01
-1.603877842426300049e-01
6.779584288597106934e-02
-3.949208930134773254e-02
-7.430363912135362625e-03
9.390797466039657593e-02
1.802860945463180542e-02
-1.790183223783969879e-02
-9.736264497041702271e-02
-1.215827390551567078e-01
4.393354058265686035e-02
1.646609157323837280e-01
-1.641785912215709686e-02
-6.625960767269134521e-02
1.648493856191635132e-01
-1.924238726496696472e-02
-2.579555660486221313e-02
3.312260657548904419e-02
-1.324071735143661499e-02
-1.196291819214820862e-01
2.025385759770870209e-02
-1.170308589935302734e-01
-6.327226758003234863e-02
1.344078481197357178e-01
-8.816634118556976318e-02
-2.253609150648117065e-02
4.818898066878318787e-02
-1.732740104198455811e-01
1.326423287391662598e-01
-3.404554724693298340e-02
2.607103064656257629e-02
8.853043615818023682e-02
-4.972514696419239044e-03
-1.066382229328155518e-01
5.602181889116764069e-03
8.989660441875457764e-02
-2.994311749935150146e-01
2.424449771642684937e-01
8.083835989236831665e-02
-5.912424530833959579e-03
1.411810517311096191e-01
1.401211600750684738e-02
7.422774285078048706e-02
3.614351898431777954e-02
-1.328205019235610962e-01
-1.850734949111938477e-01
-1.389310657978057861e-01
7.456452399492263794e-02
2.819791436195373535e-02
4.319500923156738281e-02
2.496786974370479584e-02
