-1.043922305107116699e-01
1.286562532186508179e-01
9.533011168241500854e-02
1.465180329978466034e-02
-7.828167825937271118e-02
-5.003127083182334900e-02
-9.487234055995941162e-04
5.378458648920059204e-03
1.712255775928497314e-01
-1.082642301917076111e-01
1.809374243021011353e-01
-1.174108311533927917e-02
-1.922375857830047607e-01
-7.487255334854125977e-02
5.521087348461151123e-02
9.214061498641967773e-02
-7.461550831794738770e-02
-1.016083285212516785e-01
-6.830777227878570557e-02
-5.332890152931213379e-02
9.184428304433822632e-02
3.021732717752456665e-02
3.770608454942703247e-02
3.917256370186805725e-02
-4.813105240464210510e-02
-4.077223837375640869e-01
-6.992752850055694580e-02
-9.027143567800521851e-02
4.419358074665069580e-02
-9.946596622467041016e-02
4.507909342646598816e-02
6.640578806400299072e-02
-5.923689156770706177e-02
-2.024010196328163147e-02
-3.008804097771644592e-02
1.260508298873901367e-01
-1.029871180653572083e-01
-9.855181723833084106e-02
2.319624572992324829e-01
-8.722382038831710815e-02
-1.341487020254135132e-01
-5.606296658515930176e-02
1.384409423917531967e-02
2.864707410335540771e-01
1.711272895336151123e-01
2.508735097944736481e-02
4.511452093720436096e-02
-2.038936130702495575e-02
1.042894348502159119e-01
-2.475122809410095215e-01
8.542939275503158569e-02
1.689963787794113159e-01
5.936942994594573975e-02
8.696855604648590088e-02
1.609647572040557861e-01
-9.899827092885971069e-02
7.102842628955841064e-02
1.181306838989257812e-01
-2.139523178339004517e-01
6.245727837085723877e-02
2.197408676147460938e-02
-7.821512222290039062e-02
-4.503836855292320251e-02
-3.184700012207031250e-02
2.500978708267211914e-01
1.341148316860198975e-01
-1.023046448826789856e-01
-6.643253564834594727e-02
1.134571656584739685e-01
-1.734354346990585327e-01
-5.470785126090049744e-02
4.595482349395751953e-02
-1.514971405267715454e-01
-1.775380074977874756e-01
-2.098354101181030273e-01
5.109930038452148438e-02
3.646077215671539307e-01
1.698635071516036987e-01
-1.350015401840209961e-01
4.055439308285713196e-02
-2.894975058734416962e-02
-1.846260949969291687e-02
1.177697554230690002e-01
7.965702563524246216e-02
-1.201771199703216553e-01
-8.858284354209899902e-02
-1.372880190610885620e-01
7.548986375331878662e-02
1.281479299068450928e-01
8.870018646121025085e-03
-8.026809245347976685e-02
2.009396702051162720e-01
2.446829155087471008e-02
1.614286005496978760e-02
1.223946735262870789e-02
-1.712137833237648010e-02
-4.314262792468070984e-02
1.214281935244798660e-02
-1.205621957778930664e-01
-2.716685086488723755e-02
1.672451496124267578e-01
-1.202633827924728394e-01
-2.738966792821884155e-02
7.009027153253555298e-02
-1.761725246906280518e-01
1.069081574678421021e-01
1.091859303414821625e-05
7.429318875074386597e-02
8.599296957254409790e-02
2.200661692768335342e-04
-1.985651701688766479e-01
-2.270296216011047363e-03
1.718979030847549438e-01
-1.969477683305740356e-01
1.943971812725067139e-01
1.247227638959884644e-01
-7.132473401725292206e-03
1.604293733835220337e-01
1.011273264884948730e-01
9.977874159812927246e-02
2.758873999118804932e-02
-1.102802231907844543e-01
-1.652701944112777710e-01
-6.628087721765041351e-03
6.068102642893791199e-02
7.617262005805969238e-02
4.815482348203659058e-02
5.153166875243186951e-02
