-1.411543041467666626e-01
1.604928225278854370e-01
4.444240778684616089e-02
-2.819037623703479767e-02
-8.831047266721725464e-02
-7.498244196176528931e-02
-1.610485091805458069e-02
-8.636696264147758484e-03
2.233082056045532227e-01
-8.386097848415374756e-02
1.749074012041091919e-01
1.851297914981842041e-02
-1.846290528774261475e-01
-4.747357591986656189e-02
1.736820489168167114e-02
1.202633604407310486e-01
-1.504999548196792603e-01
-8.241539448499679565e-02
-2.952654659748077393e-02
-6.326325237751007080e-02
1.043105944991111755e-01
5.119079351425170898e-02
4.487621039152145386e-02
1.049506887793540955e-01
-7.386563718318939209e-02
-3.999682366847991943e-01
-7.677108794450759888e-02
-1.218347027897834778e-01
3.595625609159469604e-02
-8.058672398328781128e-02
1.717597618699073792e-02
1.650866493582725525e-02
-1.134047582745552063e-01
-3.544070571660995483e-02
-3.643901087343692780e-03
9.868187457323074341e-02
-7.773692160844802856e-02
-6.402008235454559326e-02
2.259764224290847778e-01
-2.567493915557861328e-02
-1.418787986040115356e-01
-5.891631357371807098e-03
8.979901671409606934e-03
2.889574766159057617e-01
1.408126652240753174e-01
6.608906388282775879e-02
5.504407361149787903e-02
-3.489276766777038574e-02
1.202831864356994629e-01
-2.223383486270904541e-01
1.157161146402359009e-01
1.650780737400054932e-01
3.664577752351760864e-02
4.108024761080741882e-02
1.308814436197280884e-01
-1.141786426305770874e-01
3.603508323431015015e-02
8.409631252288818359e-02
-2.236125022172927856e-01
7.136085629463195801e-02
7.857781648635864258e-02
-5.600459873676300049e-02
-5.594798177480697632e-02
-6.242589559406042099e-03
2.050809264183044434e-01
1.385874897241592407e-01
-7.993497699499130249e-02
-1.068235486745834351e-01
1.071959286928176880e-01
-1.961831897497177124e-01
-4.582747071981430054e-02
5.887179449200630188e-02
-1.234634220600128174e-01
-2.016945779323577881e-01
-2.036270648241043091e-01
7.096467912197113037e-02
3.727979660034179688e-01
2.123049050569534302e-01
-9.445562958717346191e-02
4.001705348491668701e-02
-5.032635107636451721e-02
-9.295628406107425690e-03
1.334295570850372314e-01
4.389584064483642578e-02
-1.013407036662101746e-01
-4.288176447153091431e-02
-1.470776349306106567e-01
1.072973757982254028e-01
1.466435492038726807e-01
1.285211928188800812e-02
-8.014899492263793945e-02
2.346976846456527710e-01
3.373017907142639160e-02
3.755404800176620483e-02
-1.245260145515203476e-02
-8.019523695111274719e-03
-7.341007888317108154e-02
1.492306962609291077e-02
-1.187842637300491333e-01
-2.236501686275005341e-02
1.584388464689254761e-01
-4.043865948915481567e-02
-1.872588694095611572e-02
5.489617958664894104e-02
-1.882999092340469360e-01
7.827773690223693848e-02
-1.029809843748807907e-02
1.504610851407051086e-02
1.462217420339584351e-03
4.976391792297363281e-02
-2.343987226486206055e-01
-1.768589951097965240e-02
1.421583443880081177e-01
-1.762357801198959351e-01
2.400067597627639771e-01
1.353697180747985840e-01
1.184176001697778702e-02
1.570826023817062378e-01
9.646619856357574463e-02
2.991164661943912506e-02
4.369826614856719971e-02
-1.353446692228317261e-01
-1.386943757534027100e-01
-4.334267601370811462e-02
8.915843069553375244e-02
6.661842763423919678e-02
1.108833700418472290e-01
2.723811008036136627e-02
