-1.516564488410949707e-01
9.766163676977157593e-02
4.913948103785514832e-02
1.770234899595379829e-03
-6.257054954767227173e-02
6.210551597177982330e-03
-1.213740557432174683e-02
-1.072442457079887390e-01
1.797096580266952515e-01
-7.154758274555206299e-02
2.312270104885101318e-01
6.877983361482620239e-02
-2.377139329910278320e-01
-1.478382796049118042e-01
4.286880046129226685e-02
1.219239607453346252e-01
-1.226987317204475403e-01
-1.315135955810546875e-01
-7.821296155452728271e-02
-5.832596123218536377e-02
6.242374330759048462e-02
-7.267414033412933350e-02
7.534456998109817505e-02
4.064545035362243652e-02
-1.953966021537780762e-01
-3.759981095790863037e-01
-1.101579219102859497e-01
-9.332340955734252930e-02
-4.627641662955284119e-02
-1.943132430315017700e-01
3.687268123030662537e-02
-1.471861824393272400e-02
-1.703885942697525024e-01
-3.058458678424358368e-02
-9.270272403955459595e-02
6.307166814804077148e-02
-9.107042849063873291e-02
-1.292242407798767090e-01
1.942507475614547729e-01
4.910549148917198181e-03
-1.529084146022796631e-01
2.848397754132747650e-02
-1.802923157811164856e-03
2.287790626287460327e-01
2.270738929510116577e-01
-1.319302245974540710e-02
6.970904767513275146e-02
-1.246929243206977844e-01
6.313908845186233521e-02
-2.247477024793624878e-01
-3.713995218276977539e-03
1.253001987934112549e-01
1.521936152130365372e-03
4.216600582003593445e-02
5.713795125484466553e-02
-1.305083036422729492e-01
2.675408683717250824e-02
9.789593517780303955e-02
-2.105624824762344360e-01
3.340786695480346680e-02
2.873329445719718933e-03
-9.104000777006149292e-02
-1.085950732231140137e-01
-1.497189514338970184e-02
1.960047334432601929e-01
1.789943873882293701e-01
-1.013179197907447815e-01
-1.084385290741920471e-01
1.624397784471511841e-01
-1.226966157555580139e-01
-3.581033274531364441e-02
4.888394474983215332e-02
-1.236503124237060547e-01
-2.739394903182983398e-01
-2.680740952491760254e-01
8.247204124927520752e-02
4.082813560962677002e-01
1.388343274593353271e-01
-1.997659951448440552e-01
1.328468788415193558e-02
-1.241174340248107910e-01
2.475420571863651276e-02
7.211925834417343140e-02
7.588109374046325684e-02
-9.048281610012054443e-02
-7.216630131006240845e-02
-1.292241215705871582e-01
8.558042347431182861e-02
1.462194770574569702e-01
3.774880245327949524e-02
-4.534165561199188232e-02
2.092023789882659912e-01
5.223479121923446655e-02
1.758666709065437317e-02
7.884219288825988770e-02
7.044036686420440674e-02
-1.083667427301406860e-01
5.605694651603698730e-02
-1.418861001729965210e-01
-3.905035555362701416e-02
1.175499036908149719e-01
-9.611271321773529053e-02
4.220259189605712891e-02
7.069662213325500488e-02
-1.362353265285491943e-01
1.523830890655517578e-01
5.400731787085533142e-02
-4.048898071050643921e-02
4.864219576120376587e-02
-1.661536470055580139e-02
-1.484621018171310425e-01
-5.583048332482576370e-03
1.288348585367202759e-01
-2.944767773151397705e-01
2.189193814992904663e-01
2.088766545057296753e-01
1.567733474075794220e-02
1.825483590364456177e-01
1.172733157873153687e-01
1.298470646142959595e-01
-5.310520529747009277e-02
-1.276563294231891632e-02
-1.537870317697525024e-01
3.079213388264179230e-02
2.866393141448497772e-02
3.124930337071418762e-02
8.000744134187698364e-02
1.572672463953495026e-02
