-1.219279319047927856e-01
1.763561069965362549e-01
2.960600703954696655e-02
7.985563948750495911e-03
-6.752031296491622925e-02
1.033416483551263809e-03
-3.359491005539894104e-03
-6.487990915775299072e-02
2.056522369384765625e-01
-5.004320293664932251e-02
1.553378552198410034e-01
1.905604824423789978e-02
-2.595845460891723633e-01
-4.627912491559982300e-02
1.015252899378538132e-02
1.022900491952896118e-01
-1.565012633800506592e-01
-9.612397104501724243e-02
-9.767854213714599609e-02
-2.870615571737289429e-04
1.552442461252212524e-01
3.893430531024932861e-02
4.366488009691238403e-02
2.681495808064937592e-02
-2.561075687408447266e-01
-3.469126820564270020e-01
-1.475493907928466797e-01
-7.903411239385604858e-02
4.230217635631561279e-02
-1.492168158292770386e-01
-1.366960443556308746e-02
-8.944687992334365845e-02
-1.777179241180419922e-01
-8.247382193803787231e-02
-2.895340323448181152e-03
1.070171594619750977e-02
-4.983635619282722473e-02
-8.358278870582580566e-02
1.285858750343322754e-01
4.827138036489486694e-04
-1.848983913660049438e-01
3.557142615318298340e-02
6.169981509447097778e-02
2.668376564979553223e-01
2.050095200538635254e-01
7.511657476425170898e-02
6.286712735891342163e-02
-9.046696126461029053e-02
1.561682764440774918e-02
-2.468127012252807617e-01
1.345439702272415161e-01
1.022783592343330383e-01
5.554772168397903442e-02
8.778260648250579834e-02
1.599814593791961670e-01
-1.451242715120315552e-01
4.686683416366577148e-03
1.719136983156204224e-01
-2.124290466308593750e-01
8.325823396444320679e-02
8.142888545989990234e-02
2.441960573196411133e-02
-1.000002399086952209e-02
5.159993469715118408e-02
1.638318449258804321e-01
9.364589303731918335e-02
-8.907620608806610107e-02
-8.820670843124389648e-02
1.850608438253402710e-01
-1.726409047842025757e-01
7.007053121924400330e-03
2.004408463835716248e-02
-6.243166327476501465e-02
-2.360966503620147705e-01
-2.627046406269073486e-01
6.652869284152984619e-02
4.436079859733581543e-01
1.965118646621704102e-01
-1.727268099784851074e-01
4.388994351029396057e-02
-7.944845408201217651e-02
7.990415208041667938e-03
7.388516515493392944e-02
5.047610495239496231e-03
-1.121632456779479980e-01
-2.800081670284271240e-02
-1.068718805909156799e-01
1.261722147464752197e-01
1.860844492912292480e-01
3.368270769715309143e-02
1.257730741053819656e-02
2.562722861766815186e-01
7.464899122714996338e-02
-1.133973598480224609e-01
9.081379324197769165e-02
4.649297147989273071e-02
-1.325336098670959473e-01
-2.205577492713928223e-02
-1.020690500736236572e-01
-3.139412775635719299e-02
1.043067276477813721e-01
-1.089580655097961426e-01
-4.314744379371404648e-03
1.536486744880676270e-01
-2.081575542688369751e-01
1.739071756601333618e-01
4.271446913480758667e-02
-9.416479617357254028e-02
-5.853102542459964752e-03
3.094869665801525116e-02
-1.443254798650741577e-01
-1.177948433905839920e-02
1.316204369068145752e-01
-2.794163823127746582e-01
1.906644254922866821e-01
1.717106401920318604e-01
-2.722076512873172760e-02
1.505697071552276611e-01
6.295199971646070480e-03
9.095423668622970581e-02
3.797269612550735474e-02
-2.623850479722023010e-03
-1.254287213087081909e-01
-7.419637590646743774e-02
4.540099948644638062e-02
-4.948886856436729431e-02
8.769539743661880493e-02
3.513992205262184143e-02
